104 1 7 2026 Present
104 2 7 2026 Present
104 3 7 2026 Present
104 4 7 2026 Present
104 5 7 2026 Present
104 6 7 2026 Absent
104 7 7 2026 Absent
104 8 7 2026 Present
104 9 7 2026 Present
104 10 7 2026 Present
104 11 7 2026 Absent
104 12 7 2026 Present
104 13 7 2026 Absent
104 14 7 2026 Present
104 15 7 2026 Absent
104 16 7 2026 Present
104 17 7 2026 Present
104 18 7 2026 Present
104 19 7 2026 Present
104 20 7 2026 Absent
104 21 7 2026 Present
104 22 7 2026 Present
104 23 7 2026 Absent
104 24 7 2026 Present
104 25 7 2026 Present
104 26 7 2026 Present
104 27 7 2026 Absent
104 28 7 2026 Present
104 29 7 2026 Present
104 30 7 2026 Present
105 1 7 2026 Present
105 2 7 2026 Present
105 3 7 2026 Present
105 4 7 2026 Present
105 5 7 2026 Absent
105 6 7 2026 Present
105 7 7 2026 Present
105 8 7 2026 Present
105 9 7 2026 Present
105 10 7 2026 Absent
105 11 7 2026 Present
105 12 7 2026 Absent
105 13 7 2026 Present
105 14 7 2026 Present
105 15 7 2026 Present
105 16 7 2026 Absent
105 17 7 2026 Absent
105 18 7 2026 Present
105 19 7 2026 Present
105 20 7 2026 Absent
105 21 7 2026 Present
105 22 7 2026 Present
105 23 7 2026 Present
105 24 7 2026 Absent
105 25 7 2026 Present
105 26 7 2026 Absent
105 27 7 2026 Absent
105 28 7 2026 Present
105 29 7 2026 Present
105 30 7 2026 Absent
106 1 7 2026 Present
106 2 7 2026 Present
106 3 7 2026 Present
106 4 7 2026 Present
106 5 7 2026 Present
106 6 7 2026 Absent
106 7 7 2026 Present
106 8 7 2026 Present
106 9 7 2026 Present
106 10 7 2026 Present
106 11 7 2026 Absent
106 12 7 2026 Present
106 13 7 2026 Present
106 14 7 2026 Present
106 15 7 2026 Present
106 16 7 2026 Present
106 17 7 2026 Present
106 18 7 2026 Present
106 19 7 2026 Present
106 20 7 2026 Present
106 21 7 2026 Absent
106 22 7 2026 Absent
106 23 7 2026 Present
106 24 7 2026 Absent
106 25 7 2026 Present
106 26 7 2026 Present
106 27 7 2026 Present
106 28 7 2026 Present
106 29 7 2026 Present
106 30 7 2026 Present
107 1 7 2026 Absent
107 2 7 2026 Absent
107 3 7 2026 Present
107 4 7 2026 Present
107 5 7 2026 Absent
107 6 7 2026 Present
107 7 7 2026 Present
107 8 7 2026 Present
107 9 7 2026 Present
107 10 7 2026 Absent
107 11 7 2026 Absent
107 12 7 2026 Present
107 13 7 2026 Present
107 14 7 2026 Absent
107 15 7 2026 Present
107 16 7 2026 Present
107 17 7 2026 Absent
107 18 7 2026 Present
107 19 7 2026 Absent
107 20 7 2026 Present
107 21 7 2026 Present
107 22 7 2026 Present
107 23 7 2026 Present
107 24 7 2026 Present
107 25 7 2026 Absent
107 26 7 2026 Absent
107 27 7 2026 Present
107 28 7 2026 Present
107 29 7 2026 Absent
107 30 7 2026 Absent
108 1 7 2026 Absent
108 2 7 2026 Present
108 3 7 2026 Present
108 4 7 2026 Present
108 5 7 2026 Absent
108 6 7 2026 Present
108 7 7 2026 Present
108 8 7 2026 Present
108 9 7 2026 Present
108 10 7 2026 Present
108 11 7 2026 Present
108 12 7 2026 Present
108 13 7 2026 Present
108 14 7 2026 Present
108 15 7 2026 Present
108 16 7 2026 Present
108 17 7 2026 Present
108 18 7 2026 Present
108 19 7 2026 Absent
108 20 7 2026 Absent
108 21 7 2026 Present
108 22 7 2026 Present
108 23 7 2026 Present
108 24 7 2026 Present
108 25 7 2026 Present
108 26 7 2026 Present
108 27 7 2026 Present
108 28 7 2026 Present
108 29 7 2026 Present
108 30 7 2026 Present
109 1 7 2026 Present
109 2 7 2026 Present
109 3 7 2026 Present
109 4 7 2026 Present
109 5 7 2026 Present
109 6 7 2026 Absent
109 7 7 2026 Present
109 8 7 2026 Present
109 9 7 2026 Present
109 10 7 2026 Absent
109 11 7 2026 Present
109 12 7 2026 Present
109 13 7 2026 Present
109 14 7 2026 Present
109 15 7 2026 Present
109 16 7 2026 Present
109 17 7 2026 Present
109 18 7 2026 Present
109 19 7 2026 Present
109 20 7 2026 Present
109 21 7 2026 Present
109 22 7 2026 Absent
109 23 7 2026 Absent
109 24 7 2026 Present
109 25 7 2026 Present
109 26 7 2026 Absent
109 27 7 2026 Absent
109 28 7 2026 Present
109 29 7 2026 Present
109 30 7 2026 Present
110 1 7 2026 Present
110 2 7 2026 Absent
110 3 7 2026 Present
110 4 7 2026 Present
110 5 7 2026 Present
110 6 7 2026 Absent
110 7 7 2026 Absent
110 8 7 2026 Present
110 9 7 2026 Present
110 10 7 2026 Present
110 11 7 2026 Present
110 12 7 2026 Present
110 13 7 2026 Present
110 14 7 2026 Present
110 15 7 2026 Present
110 16 7 2026 Absent
110 17 7 2026 Present
110 18 7 2026 Present
110 19 7 2026 Absent
110 20 7 2026 Present
110 21 7 2026 Absent
110 22 7 2026 Present
110 23 7 2026 Present
110 24 7 2026 Present
110 25 7 2026 Present
110 26 7 2026 Present
110 27 7 2026 Absent
110 28 7 2026 Absent
110 29 7 2026 Present
110 30 7 2026 Absent
104 1 6 2026 Present
104 2 6 2026 Absent
104 3 6 2026 Absent
104 4 6 2026 Present
104 5 6 2026 Present
104 6 6 2026 Present
104 7 6 2026 Present
104 8 6 2026 Present
104 9 6 2026 Absent
104 10 6 2026 Present
104 11 6 2026 Absent
104 12 6 2026 Present
104 13 6 2026 Absent
104 14 6 2026 Absent
104 15 6 2026 Absent
104 16 6 2026 Present
104 17 6 2026 Present
104 18 6 2026 Present
104 19 6 2026 Absent
104 20 6 2026 Present
104 21 6 2026 Present
104 22 6 2026 Absent
104 23 6 2026 Present
104 24 6 2026 Absent
104 25 6 2026 Present
104 26 6 2026 Present
104 27 6 2026 Absent
104 28 6 2026 Present
104 29 6 2026 Present
104 30 6 2026 Present
